4294967294,0
4294967279,37
4294967279,36
4294967278,323
4294967279,194
4294967278,193
4294967279,35
4294967279,558
4294967278,360
4294967279,33
4294967279,32
4294967279,29
4294967278,359
4294967279,317
4294967278,322
4294967279,562
4294967278,369
4294967279,561
4294967278,368
4294967278,187
4294967279,27
4294967278,367
4294967278,185
4294967279,25
4294967279,24
4294967279,23
4294967279,22
4294967279,21
4294967278,321
4294967294,471
4294967279,315
4294967278,320
4294967278,357
4294967279,20
4294967279,19
4294967278,308
4294967279,298
4294967278,180
4294967279,180
4294967279,18
4294967279,16
4294967278,307
4294967278,178
4294967279,15
4294967279,296
4294967278,305
4294967279,13
4294967279,12
4294967279,11
4294967279,10
4294967279,9
4294967278,176
4294967279,570
4294967278,304
4294967278,173
4294967279,0
4294967294,6
4294967294,43
4294967294,51
4294967294,52
4294967294,939
4294967294,938
4294967294,922
4294967294,436
4294967294,828
4294967294,827
4294967294,60
4294967294,911
4294967294,909
4294967294,907
4294967294,902
4294967294,898
4294967294,185
4294967294,182
4294967294,173
4294967294,170
4294967294,163
4294967294,82
4294967294,50
4294967294,12
4294967294,470
4294967294,92
4294967294,88
4294967294,83
4294967294,81
4294967294,970
4294967294,5
4294967279,171
4294967278,132
4294967278,131
4294967278,130
4294967278,129
4294967278,128
4294967278,127
4294967278,255
4294967278,126
4294967278,125
4294967278,124
4294967278,123
4294967278,122
4294967278,251
4294967278,121
4294967278,120
4294967278,247
4294967278,119
4294967278,245
4294967278,118
4294967278,117
4294967278,116
4294967278,115
4294967278,114
4294967278,113
4294967278,112
4294967278,111
4294967278,231
4294967278,110
4294967278,229
4294967278,109
4294967278,227
4294967278,108
4294967278,225
4294967278,107
4294967278,223
4294967278,106
4294967278,221
4294967278,105
4294967278,219
4294967278,104
4294967278,217
4294967278,103
4294967278,0
4294967278,174
4294967278,215
4294967278,102
4294967278,101
4294967278,100
4294967278,99
4294967278,98
4294967278,97
4294967278,96
4294967278,95
4294967278,94
4294967278,93
4294967278,92
4294967278,91
4294967278,90
4294967278,89
4294967278,87
4294967278,86
4294967278,85
4294967278,84
4294967278,83
4294967278,82
4294967278,81
4294967278,80
4294967278,79
4294967278,78
4294967278,77
4294967278,76
4294967278,75
4294967278,74
4294967278,73
4294967278,72
4294967278,71
4294967278,70
4294967278,69
4294967278,68
4294967278,67
4294967278,66
4294967278,65
4294967278,64
4294967278,63
4294967278,62
4294967278,61
4294967278,60
4294967279,81
4294967279,78
4294967279,76
4294967279,69
4294967279,67
4294967279,64
4294967279,60
4294967279,58
4294967279,55
4294967279,544
4294967279,51
4294967279,548
4294967279,310
4294967279,41
4294967279,34
4294967279,31
4294967279,30
4294967279,538
4294967279,28
4294967279,26
4294967279,571
4294967279,17
4294967279,14
4294967279,301
4294967279,8
4294967279,539
4294967279,7
4294967279,6
4294967279,281
4294967279,5
4294967279,4
4294967279,170
4294967294,965
4294967294,918
4294967294,916
4294967294,914
4294967294,912
4294967294,905
4294967294,901
4294967294,900
4294967294,899
4294967294,401
4294967294,30
4294967294,942
4294967294,941
4294967294,933
4294967294,830
4294967294,829
4294967294,920
4294967294,27
4294967294,93
4294967294,95
4294967294,967
4294967294,966
4294967294,964
4294967294,963
4294967294,962
4294967294,961
4294967294,960
4294967294,917
4294967294,915
4294967294,910
4294967294,421
4294967294,1
4294967294,190
4294967294,176
4294967294,162
4294967294,161
4294967294,22
4294967294,17
4294967294,39
4294967294,42
4294967294,67
4294967294,417
4294967294,25
4294967294,946
4294967294,26
4294967294,1414
4294967294,11
4294967294,68
0,5
4294967279,53
4294967294,7
4294967294,1418
4294967294,1421
4294967294,1420
4294967294,1419
88,5
88,4
88,3
88,2
88,1
86,5
86,4
86,3
86,2
86,1
4294967294,437
84,6
84,5
84,4
84,3
84,2
84,1
83,5
83,4
83,3
83,2
83,1
82,5
4294967278,310
82,4
4294967279,574
82,3
82,2
82,1
4294967278,259
4294967278,383
81,5
81,4
81,3
81,2
81,1
4294967279,573
79,4
79,3
79,2
79,1
4294967278,382
4294967278,381
4294967278,380
4294967278,379
4294967279,572
4294967293,131
4294967293,130
4294967293,129
4294967293,128
4294967293,127
4294967293,126
4294967293,125
4294967293,124
4294967293,123
4294967293,122
4294967293,121
4294967293,120
4294967293,119
